S = [-1 0 1 0 0 0 0; 1 -1 0 -1 0 0 0; 0 1 0 0 1 0 0; -1 0 0 0 0 1 0; 1 0 0 0 0 0 0];

c = [0 0 0 1 0 0 0]';
lb = [0 -10 0 0 -10 -10 -10];
ub = [10 10 10 10 10 10 10];

[X,FVAL,EXITFLAG] = linprog(-c,[],[],S,zeros(5,1),lb,ub)